16 66
北门
位于景区的正北方向、是第一道亮丽的风景线
行政楼
工作、及重大会议召开的地点
基础楼
其中A栋楼有7层,B栋有3层楼
喷泉
位于正门口;造型似一只鸽子，底部常年有水，被戏称为水煮鸽子
旭日苑
共有三栋!可供不同菜品、不同兴趣的同学可以品尝到新鲜的美食
大学生活动中心
展现自己各种特长艺的地方!每周这里都会有非常精彩的活动、晚会,乃才艺高人的聚集地
图书馆
同学们看书，学习的地方，书籍种类丰富
洗浴中心
洗浴的地方!
体育馆
室内的小型体育场,内设有篮球场，羽毛球场及乒乓球场等
大操场
举行大型赛事的地点，平时主要各种足球训练、比赛使用,也是跑步健身的好场所!
小操场
主要供平时运动、跑步使用;其侧面还有乒乓球、网球场地,活动的地点之一!
篮球场
篮球比赛的重要场所!
美食广场
两大食堂之一、饭菜美味可口!
超市
可以在里面买到零食及生活用品
东升苑
东区食堂，食品种类繁多
逸夫楼
东区教学楼，共八层
1 2 70
2 1 70
1 3 100
3 1 100
2 4 60
4 2 60
1 4 40
4 1 40
3 4 80
4 3 80
2 6 100
6 2 100
4 6 100
6 4 100
5 3 100
3 5 100
5 6 100
6 5 100
4 7 140
7 4 140
6 7 80
7 6 80
5 7 80
7 5 80
8 7 100
7 8 100
7 9 80
9 7 80
5 8 100
8 5 100
5 12 120
12 5 120
5 15 300
15 5 300
5 16 400
16 5 400
9 14 60
14 9 60
6 10 150
10 6 150
7 10 100
10 7 100
7 16 300
16 7 300
8 12 50
12 8 50
10 9 30
9 10 30
9 12 70
12 9 70
8 13 30
13 8 30
13 12 40
12 13 40
11 12 20
12 11 20
11 14 30
14 11 30
15 16 50
16 15 50
13 14 120
14 13 120
10 14 120
14 10 120
10 15 200
15 10 200